# groupAddr    treeIndex    switch    bufferSize(MB) fanIndegree
10000          0            7         10             2
10000          0            8         10             2
10000          0            3         10             2
10000          0            9         10             2
10000          0            10        10             2
10000          0            4         10             2
10000          0            2         10             2
10000          0            11        10             2
10000          0            12        10             2
10000          0            5         10             2
10000          0            13        10             2
10000          0            14        10             2
10000          0            6         10             2
10000          0            1         10             2
10000          0            0         10             2