# groupAddr    treeIndex    switch    bufferSize(MB) fanIndegree
10000          0            7         10             2
10000          0            8         10             2
10000          0            3         10             2

10001          0            9         10             2
10001          0            10        10             2
10001          0            4         10             2

10002          0            11        10             2
10002          0            12        10             2
10002          0            5         10             2

10003          0            13        10             2
10003          0            14        10             2
10003          0            6         10             2